255 255 255 255 255 255 255 255 255 255 255 255 255 255 255 255
255 255 255 255 255 255 255 255 255 255 255 255 255 255 255 255
255 255   0   0   0   0   0   0   0   0   0   0   0   0 255 255
255 255   0   0   0   0   0   0   0   0   0   0   0   0 255 255
255 255   0   0   0   0   0   0   0   0   0   0   0   0 255 255
255 255   0   0   0 255 255 255 255 255 255   0   0   0 255 255
255 255   0   0   0 255 255 255 255 255 255   0   0   0 255 255
255 255   0   0   0 255 255 250  15 255 255   0   0   0 255 255
255 255   0   0   0 255 255 255 255 255 255   0   0   0 255 255
255 255   0   0   0 255 255 255 255 255 255   0   0   0 255 255
255 255   0   0   0   0 255 203 255 255 199   0   0   0 255 255
255 255   0   0   0   0   0   0   0   0   0   0   0   0 255 255
255 255   0   0   0   0   0   0   0   0   0   0   0   0 255 255
255 255   0   0   0   0   0   0   0   0   0   0   0   0 255 255
255 255 255 255 255 255 255 255 255 255 255 255 255 255 255 255
255 255 255 255 255 255 255 255 255 255 255 255 255 255 255 255
255 255 255 255 255 255 255 255 255 255 255 255 255 255 255 255
255 255 255 255 255 255 255 255 255 255 255 255 255 255 255 255
255 255   0   0   0   0   0   0   0   0   0   0   0   0 255 255
255 255   0   0   0   0   0   0   0   0   0   0   0   0 255 255
255 255   0   0   0   0   0   0   0   0   0   0   0   0 255 255
255 255   0   0   0 255 255 255 255 255 255   0   0   0 255 255
255 255   0   0   0 255 255 255 255 255 255   0   0   0 255 255
255 255   0   0   0 255 255 250  15 255 255   0   0   0 255 255
255 255   0   0   0 255 255 255 255 255 255   0   0   0 255 255
255 255   0   0   0 255 255 255 255 255 255   0   0   0 255 255
255 255   0   0   0   0 255 203 255 255 199   0   0   0 255 255
255 255   0   0   0   0   0   0   0   0   0   0   0   0 255 255
255 255   0   0   0   0   0   0   0   0   0   0   0   0 255 255
255 255   0   0   0   0   0   0   0   0   0   0   0   0 255 255
255 255 255 255 255 255 255 255 255 255 255 255 255 255 255 255
255 255 255 255 255 255 255 255 255 255 255 255 255 255 255 255
255 255 255 255 255 255 255 255 255 255 255 255 255 255 255 255
255 255 255 255 255 255 255 255 255 255 255 255 255 255 255 255
255 255   0   0   0   0   0   0   0   0   0   0   0   0 255 255
255 255   0   0   0   0   0   0   0   0   0   0   0   0 255 255
255 255   0   0   0   0   0   0   0   0   0   0   0   0 255 255
255 255   0   0   0 255 255 255 255 255 255   0   0   0 255 255
255 255   0   0   0 255 255 255 255 255 255   0   0   0 255 255
255 255   0   0   0 255 255 250  15 255 255   0   0   0 255 255
255 255   0   0   0 255 255 255 255 255 255   0   0   0 255 255
255 255   0   0   0 255 255 255 255 255 255   0   0   0 255 255
255 255   0   0   0   0 255 203 255 255 199   0   0   0 255 255
255 255   0   0   0   0   0   0   0   0   0   0   0   0 255 255
255 255   0   0   0   0   0   0   0   0   0   0   0   0 255 255
255 255   0   0   0   0   0   0   0   0   0   0   0   0 255 255
255 255 255 255 255 255 255 255 255 255 255 255 255 255 255 255
255 255 255 255 255 255 255 255 255 255 255 255 255 255 255 255

255 255 255 255 255 255 255 255 255 255 255 255 255 255 255 255
255 255 255 255 255 255 255 255 255 255 255 255 255 255 255 255
255 255   0   0   0   0   0   0   0   0   0   0   0   0 255 255
255 255   0   0   0   0   0   0   0   0   0   0   0   0 255 255
255 255   0   0   0   0   0   0   0   0   0   0   0   0 255 255
255 255   0   0   0 255 255 255 255 255 199   0   0   0 255 255
255 255   0   0   0 255 255 255 255 255 255   0   0   0 255 255
255 255   0   0   0 255 255  15 255 255 255   0   0   0 255 255
255 255   0   0   0 255 255 250 255 255 203   0   0   0 255 255
255 255   0   0   0 255 255 255 255 255 255   0   0   0 255 255
255 255   0   0   0 255 255 255 255 255   0   0   0   0 255 255
255 255   0   0   0   0   0   0   0   0   0   0   0   0 255 255
255 255   0   0   0   0   0   0   0   0   0   0   0   0 255 255
255 255   0   0   0   0   0   0   0   0   0   0   0   0 255 255
255 255 255 255 255 255 255 255 255 255 255 255 255 255 255 255
255 255 255 255 255 255 255 255 255 255 255 255 255 255 255 255
255 255 255 255 255 255 255 255 255 255 255 255 255 255 255 255
255 255 255 255 255 255 255 255 255 255 255 255 255 255 255 255
255 255   0   0   0   0   0   0   0   0   0   0   0   0 255 255
255 255   0   0   0   0   0   0   0   0   0   0   0   0 255 255
255 255   0   0   0   0   0   0   0   0   0   0   0   0 255 255
255 255   0   0   0 255 255 255 255 255 199   0   0   0 255 255
255 255   0   0   0 255 255 255 255 255 255   0   0   0 255 255
255 255   0   0   0 255 255  15 255 255 255   0   0   0 255 255
255 255   0   0   0 255 255 250 255 255 203   0   0   0 255 255
255 255   0   0   0 255 255 255 255 255 255   0   0   0 255 255
255 255   0   0   0 255 255 255 255 255   0   0   0   0 255 255
255 255   0   0   0   0   0   0   0   0   0   0   0   0 255 255
255 255   0   0   0   0   0   0   0   0   0   0   0   0 255 255
255 255   0   0   0   0   0   0   0   0   0   0   0   0 255 255
255 255 255 255 255 255 255 255 255 255 255 255 255 255 255 255
255 255 255 255 255 255 255 255 255 255 255 255 255 255 255 255
255 255 255 255 255 255 255 255 255 255 255 255 255 255 255 255
255 255 255 255 255 255 255 255 255 255 255 255 255 255 255 255
255 255   0   0   0   0   0   0   0   0   0   0   0   0 255 255
255 255   0   0   0   0   0   0   0   0   0   0   0   0 255 255
255 255   0   0   0   0   0   0   0   0   0   0   0   0 255 255
255 255   0   0   0 255 255 255 255 255 199   0   0   0 255 255
255 255   0   0   0 255 255 255 255 255 255   0   0   0 255 255
255 255   0   0   0 255 255  15 255 255 255   0   0   0 255 255
255 255   0   0   0 255 255 250 255 255 203   0   0   0 255 255
255 255   0   0   0 255 255 255 255 255 255   0   0   0 255 255
255 255   0   0   0 255 255 255 255 255   0   0   0   0 255 255
255 255   0   0   0   0   0   0   0   0   0   0   0   0 255 255
255 255   0   0   0   0   0   0   0   0   0   0   0   0 255 255
255 255   0   0   0   0   0   0   0   0   0   0   0   0 255 255
255 255 255 255 255 255 255 255 255 255 255 255 255 255 255 255
255 255 255 255 255 255 255 255 255 255 255 255 255 255 255 255

255 255 255 255 255 255 255 255 255 255 255 255 255 255 255 255
255 214 152 152 152 152 152 152 152 152 152 152 152 152 214 255
255 152   0   0   0   0   0   0   0   0   0   0   0   0 152 255
255 152   0   0   0   0   0   0   0   0   0   0   0   0 152 255
255 152   0   0  10  51  51  51  51  51  51  10   0   0 152 255
255 152   0   0  51 185 191 158 157 144 204  51   0   0 152 255
255 152   0   0  51 201 232 186 191 186 195  50   0   0 152 255
255 152   0   0  51 255 255 224 241 255 255  51   0   0 152 255
255 152   0   0  51 255 254 195 213 255 255  51   0   0 152 255
255 152   0   0  51 255 251 206 217 254 255  51   0   0 152 255
255 152   0   0  51 255 255 239 241 255 255  51   0   0 152 255
255 152   0   0  10  51  51  51  51  51  51  10   0   0 152 255
255 152   0   0   0   0   0   0   0   0   0   0   0   0 152 255
255 152   0   0   0   0   0   0   0   0   0   0   0   0 152 255
255 214 152 152 152 152 152 152 152 152 152 152 152 152 214 255
255 255 255 255 255 255 255 255 255 255 255 255 255 255 255 255
255 255 255 255 255 255 255 255 255 255 255 255 255 255 255 255
255 214 152 152 152 152 152 152 152 152 152 152 152 152 214 255
255 152   0   0   0   0   0   0   0   0   0   0   0   0 152 255
255 152   0   0   0   0   0   0   0   0   0   0   0   0 152 255
255 152   0   0  10  51  51  51  51  51  51  10   0   0 152 255
255 152   0   0  51 185 191 158 157 144 204  51   0   0 152 255
255 152   0   0  51 201 232 186 191 186 195  50   0   0 152 255
255 152   0   0  51 255 255 224 241 255 255  51   0   0 152 255
255 152   0   0  51 255 254 195 213 255 255  51   0   0 152 255
255 152   0   0  51 255 251 206 217 254 255  51   0   0 152 255
255 152   0   0  51 255 255 239 241 255 255  51   0   0 152 255
255 152   0   0  10  51  51  51  51  51  51  10   0   0 152 255
255 152   0   0   0   0   0   0   0   0   0   0   0   0 152 255
255 152   0   0   0   0   0   0   0   0   0   0   0   0 152 255
255 214 152 152 152 152 152 152 152 152 152 152 152 152 214 255
255 255 255 255 255 255 255 255 255 255 255 255 255 255 255 255
255 255 255 255 255 255 255 255 255 255 255 255 255 255 255 255
255 214 152 152 152 152 152 152 152 152 152 152 152 152 214 255
255 152   0   0   0   0   0   0   0   0   0   0   0   0 152 255
255 152   0   0   0   0   0   0   0   0   0   0   0   0 152 255
255 152   0   0  10  51  51  51  51  51  51  10   0   0 152 255
255 152   0   0  51 185 191 158 157 144 204  51   0   0 152 255
255 152   0   0  51 201 232 186 191 186 195  50   0   0 152 255
255 152   0   0  51 255 255 224 241 255 255  51   0   0 152 255
255 152   0   0  51 255 254 195 213 255 255  51   0   0 152 255
255 152   0   0  51 255 251 206 217 254 255  51   0   0 152 255
255 152   0   0  51 255 255 239 241 255 255  51   0   0 152 255
255 152   0   0  10  51  51  51  51  51  51  10   0   0 152 255
255 152   0   0   0   0   0   0   0   0   0   0   0   0 152 255
255 152   0   0   0   0   0   0   0   0   0   0   0   0 152 255
255 214 152 152 152 152 152 152 152 152 152 152 152 152 214 255
255 255 255 255 255 255 255 255 255 255 255 255 255 255 255 255

255 255 255 255 255 255 255 255 255 255 255 255 255 255 255 255
255 214 152 152 152 152 152 152 152 152 152 152 152 152 214 255
255 152   0   0   0   0   0   0   0   0   0   0   0   0 152 255
255 152   0   0   0   0   0   0   0   0   0   0   0   0 152 255
255 152   0   0  10  51  50  51  51  51  51  10   0   0 152 255
255 152   0   0  51 204 195 255 255 255 255  51   0   0 152 255
255 152   0   0  51 144 186 255 255 254 255  51   0   0 152 255
255 152   0   0  51 157 191 241 213 217 241  51   0   0 152 255
255 152   0   0  51 158 186 224 195 206 239  51   0   0 152 255
255 152   0   0  51 191 232 255 254 251 255  51   0   0 152 255
255 152   0   0  51 185 201 255 255 255 255  51   0   0 152 255
255 152   0   0  10  51  51  51  51  51  51  10   0   0 152 255
255 152   0   0   0   0   0   0   0   0   0   0   0   0 152 255
255 152   0   0   0   0   0   0   0   0   0   0   0   0 152 255
255 214 152 152 152 152 152 152 152 152 152 152 152 152 214 255
255 255 255 255 255 255 255 255 255 255 255 255 255 255 255 255
255 255 255 255 255 255 255 255 255 255 255 255 255 255 255 255
255 214 152 152 152 152 152 152 152 152 152 152 152 152 214 255
255 152   0   0   0   0   0   0   0   0   0   0   0   0 152 255
255 152   0   0   0   0   0   0   0   0   0   0   0   0 152 255
255 152   0   0  10  51  50  51  51  51  51  10   0   0 152 255
255 152   0   0  51 204 195 255 255 255 255  51   0   0 152 255
255 152   0   0  51 144 186 255 255 254 255  51   0   0 152 255
255 152   0   0  51 157 191 241 213 217 241  51   0   0 152 255
255 152   0   0  51 158 186 224 195 206 239  51   0   0 152 255
255 152   0   0  51 191 232 255 254 251 255  51   0   0 152 255
255 152   0   0  51 185 201 255 255 255 255  51   0   0 152 255
255 152   0   0  10  51  51  51  51  51  51  10   0   0 152 255
255 152   0   0   0   0   0   0   0   0   0   0   0   0 152 255
255 152   0   0   0   0   0   0   0   0   0   0   0   0 152 255
255 214 152 152 152 152 152 152 152 152 152 152 152 152 214 255
255 255 255 255 255 255 255 255 255 255 255 255 255 255 255 255
255 255 255 255 255 255 255 255 255 255 255 255 255 255 255 255
255 214 152 152 152 152 152 152 152 152 152 152 152 152 214 255
255 152   0   0   0   0   0   0   0   0   0   0   0   0 152 255
255 152   0   0   0   0   0   0   0   0   0   0   0   0 152 255
255 152   0   0  10  51  50  51  51  51  51  10   0   0 152 255
255 152   0   0  51 204 195 255 255 255 255  51   0   0 152 255
255 152   0   0  51 144 186 255 255 254 255  51   0   0 152 255
255 152   0   0  51 157 191 241 213 217 241  51   0   0 152 255
255 152   0   0  51 158 186 224 195 206 239  51   0   0 152 255
255 152   0   0  51 191 232 255 254 251 255  51   0   0 152 255
255 152   0   0  51 185 201 255 255 255 255  51   0   0 152 255
255 152   0   0  10  51  51  51  51  51  51  10   0   0 152 255
255 152   0   0   0   0   0   0   0   0   0   0   0   0 152 255
255 152   0   0   0   0   0   0   0   0   0   0   0   0 152 255
255 214 152 152 152 152 152 152 152 152 152 152 152 152 214 255
255 255 255 255 255 255 255 255 255 255 255 255 255 255 255 255
